$ANSIBLE_VAULT;1.1;AES256
38623464373838616166613438613134343466396264616139313234616534393535623863306666
6465663035326462646138636436373564343732646561660a666365356264323863353963316465
33343836616433356435626663376330313263393966666234653332643865613630356163303733
6437636463666362620a633365346533323761343036613263623166646665613638373139313362
30653533343338353331333733396164366534663739393263613531356337396139626138353864
31346239636361383466356439633033656134613838623364356332663966356664386564363564
31636434366463373631306537396464343162663237353735653661383832666134666637363938
62373232653263653136613333666435633366343765643330303665623831313131363236303033
65636639326562393934383837633138323339653765373563626630336339663464316264343731
64613761343466313132396564633364666238323765393365356534313461326432326132346638
66356339666336636163396639376236363965656362663161353266356664316362633832636134
34363839653539376633376233646531386330626537643063373062383763633133636432613462
39383634343531303762373537323334393835326139323538366133626535633530633233643937
32313663663663353965323539336631643531626439386139373938363337633035383438613962
35396233393165663436653839376263303062396665346630306463623837333064633065333538
39353935313364643361356564643632383863373565343235646262376230336536363234663766
31386665653464316565653932643962393430633033386434663935333762663130663561643732
32396664343332613537356136333031353032353330393832363966613231326633383737356137
30623635323538653933386433326436663463326139306234333062336163393535343665396466
34306264396164343832343131366637376361396265333664386266336538366165643761333732
35633066366438663235356631333534623936303161373236323439383731353030343039353930
35313431343631653936333235323836323130386435623136373830643531313434346366366334
65356463643133646561343165326665656339323463353065653835343564633263396533326337
38336536386233626435633461346136353130323635656338363131613832343836616135366432
65646135336130636163653330613438373230353663333865316164313634653663633834346663
62393566633563303236336165353233313564666532643631366661643063363337643039656334
34633664633036356436643164643933653138323537613261333464333862353033613663313334
34303936623564646339313833656138653730643430366362376434656464346533313065343461
34346133613263386165326539363261326232653666643063336163333831323865653965646163
63356239653365383435636232393766343561386336643966333038363264633332616530613331
38353830323861383835343139306165303764653339636362613539383030636333623136383735
64306235363231623832666138643832343534386537393634343562333536373732663035633539
66653233663965376631653965376563656539666236386633613732303838636663396666396631
61386666323761343835343365633532333962383462653631343332353264383539663933373538
66323636343239636664376233613934396462643635663234613961363463346133656461663436
38626336386265376361383666616438623363333864376630636239343732373538313238303432
39353633333135663938323664636135613264646237643639343037313163653934303638643737
32353736613439356664343266363261343638376637656438373839313637386662356361356563
61663263633635333562343835393037666564336364646632386266646636616462323165653563
30383165363064636663393866373338356363623439366334356366616365616532623466356532
39623332363031393039313931343364613435356630363433393535303639333734623634653233
32383066393531376438303064393065633263333665646562616339316466646466636231623135
34633639346562303965336335363861666263396463393437643636303032663835383263356230
31396639623765663730323965326439313032616536373461646466353932323261633034363936
62313936333432663864623562383965343437323364656537323761613539323766613335346136
34346533393039623963373335666166396635356635616363626431643131303038303235303239
33373266306232326130356236323432643033336633623661383062303735633533303930396133
61626237333037656539336230326138356666313665366333316464623135663566643732343464
63363363623030386531653062623938636134303666626132353536653632666162333261616537
33386462366162313365663839333533306265656132663736363661336237633263613061383838
34646639396566643535613863336264663835653466356339323431366531643461323961313733
30616331343130663164373932333035666563343264656235643536373663633964343966363736
35346361353661353966646638626431373932353066313731613763306138366161636130343534
38366663343534623634653364366662626436313838623832343037623639613230653335353761
37646262343336346339303733646134613030346362633464623132363034363631663366346339
36333235353735333232366130363731643163313166316663373238306231663735393466313963
33376439326435636166343161336233633863623961636338356466376265306134363131626135
32623162653038386131306135386633353033376363343034336136613239643661626664663634
61626365333536343739663530633430313836366464376564373663366235316134666565646339
35376334663934376531303663666362373864646636646632336432376230376363343131303435
32333735633134636163303037646262653162316631313732303466656566373438363561346134
38623935376633323736353564656637383634623934326665376434303833663733363865303632
61633735306635386631656639323732346562666532656632316361343431326565343164656639
62366365623364383333633862393937393031313162666630613235626262376338386663663461
62343833623931656431326537383665663665633562343961303138343931633537393536343761
62346239663938656363646230346564316361613964353761326165393939616362333362343837
62653163393230383232663365663061343438623763613161613666353233356466303564353834
66363164306430643938626235326664386166363662633135623536666134633966353436346631
39336436643236366231626664633434643762373531383965383862646466653463363535626466
33373735666133396531333937313066303137336530616431313537303330613933353566656662
35353831363631376530313862336665376361373864386437623364643661323663666463333766
61363335333832616331666236386235306635363361633634633536336536323765633539333161
30643137343666613466353834613736613833343530656666623865363632353938386165616235
66663766633234333736653333393437636131303363306564333530653032366236613735653535
64396166623639386534353938376533363963383236386435383233663337333165376461333536
33633165633462623765363661666566343337623933613530356136643533666133376434663035
39633036393536636266396532336465363338346436383164323834663761393636353530616232
39333535323534623530373164316530643636393564313664313533653762333062643839303936
66626463653463393864313134393765336466626435303131323434653333376233653736653764
64373636623762313965623932396364646465303863393463623238656439383738646532373939
65653437643137363133333338333233356363313661316463383932636364373338343465343532
39346165653537616366616433666437346531333461323334666665366339333733663865636430
65323734653132623863303630363538623133363339616631353762366235383732633366396533
31353662663030393664346663323231316661363438633966326664353736356233383839303332
31346161356538316235306663633439636366376238613137613236363336363363613833363565
65356539396530653366373033646630663862393339386235373636313434326164316231663134
36313733653531333336346162383432393661633731623732646461373364323639633865393863
65376366356666666262356331633631373636636165316533316362306263316339656539376462
61653131343266306664653534623030333265303235613336623232326563633839326532363135
66376663386261316633633266343530633966396132396430326264306636356463373366623863
64356365333638366536633131393262633165346136653337333434653839346238316634353136
66633038303863666362323161386333613963373139646233303738346362363132613036313232
35386666393465613064313265366163366132653664613236326662306639323163613236363063
39356637326537343339636636363162353035616663353361376133393766393435653239343061
32623630386637356332303230336136313065646165636562333161653630343765326564356236
37623638353162326464626534653538613033616138336434316435616466303461363436643933
65343965366230626266636461646262636464636330623437313838623065643932636561343361
32336339366363353132386663373735626164346462376531313234633136323063366538636661
38373966336266646438393132343832643762373163346434376364366266656638343862396435
33396535393434373134663465303861633663346161313362333938646361313030393663653331
66323634373430323765366630333564306462643333366266623262366236383232633736616332
61623730643161346666616532383131303935303536306331333862343834663833376435353764
62376631343966343966336634346464616433643561363130363339373661643432333465626534
63646636376536363535633932353262393564373138373031323761343661396265353663323632
61333161303133323933386437656564343862383964376166306636306633623764616430343634
38666238383833363132303032613538303236323138356134366533373664313332316261373739
61623534663062323163663639323366343165346135643761386432373936633832623366323830
37633263613233646639343832316330396335633933653062383532656438363135623562313862
36343135643964333039613365663961313465366661336231616631386235626634393438643732
64343431353766656639393234316561346131663365393065396239333835396230393635333066
63363337336264366133396631613331666134386136363061373166646333656238366565383637
35396637396237373932393836613637393166663131316663333762386131653735363632656532
37306136363035376464326338346230633234613136383535396166306663656235646235636666
35333435373332633536356137396234636237363464633139343464336439366631306333383661
39346235623832383630613234653936333538633434376264633339646339636166383262356565
36316537386534343563623965616138313138656533646639353736303534343638306266613765
31363164353231316634393464623665303566663465653834363966363231626533333838636130
62303530313232376239393365643661613166626231653933396132653664646338633266356237
30646239313061356433363338643839323939376162666562663766376434666536353033383737
61376632373434313661663437666331613136303230346163363438303965616561373638383662
38326439656566663638656533326666373035333630663738613836363336666465386138303965
33636539363030626564666165363539663339613764623632323432613134316365356663393965
34303161646163396165623830656137366662316136373437353036356239643837366130343061
62346133353435333864323539633664313562333139623461643265623462323139656163643630
39323337383163333830323836306439613135366161643539353864313936636361646633373639
30343337326231303733336139346665323031663765363930396638373939356237303761373837
37643538633462336430313735366636633665383366343561366634376634656432356238623866
31306435333564323536323635333738346662666362616363303161643736306330396261626235
36383731333666663937306434303436643333626636323863303765613838356163303732326331
36353366303635376162333031333136616261666332646631316234316236643564316336646430
31653237323037343837653862313333323631366634343231306530666338363437663735343865
63303833316564323762633337613339656335626561313439393039646262323134326633666166
31393538623332366439303562643933313837613065343138336665616166356263326563346563
31323236643139396330376530336631303636356436363933616566306262343534623339346166
64343135336433376562653134653235333864333138363061313963363663326335333830396636
61353262366262353037636334666361636331366232356630326634383965636664646437363365
36333437326630646265383838363737613566386332636136383865613865373466386139313932
30353864613463623532376437306564363730633866343163323230623366306430363934396536
38323831356462656265643139643665626439396662616562616662376262613239333133646238
62653934626665363130373065663066313163373264623834373333363165653365633531336337
32303834333861336236393761376236376333356630323164633837623530306139396634646633
64353761616432653065656338306634323363663531363263303039323361376165613332356134
30636364366661616434396239653063633762383035666631363566393534366363613164613233
37396339666437366431323937646137623530363130326232666265633862306638643334376632
30626464376434383562663932303731616633376561633435356535646635356339336264656439
31353833363564636566326162376338616264336361643066303030616638633832333234366464
64303262633239376131383738656338653266376138653962386231386133636336376332666632
38346561353535643639653632646366346262386139383437373932623437643266323931303631
35306464343534376632633964616437613666623832383737373631633437306566326634626235
36633162386237346538653833356562656363636561386237636133663232336538613364356661
62306439353661376261663561376365383264356136303730653764336163623339313938333530
38646261633562636331616465623836323432393365353964316463333566373839373764383561
64666634643862386130633831646263336332333364616637396566346461336334316466343361
63323334333832363233316363323264666364323738636235653362303566643235313334306639
30333431326430616362616134656161336461313032303336323332363830653561343165663232
30316466383938313037633933383765306561316438666132306563393162396531616461313265
65656563346335616531303433353133653433633863376531646237616131356164376239353332
38373939623761313464363464656137386536396233346133326135663237303139323939346439
33396563336563306534643131613466363761656232666132663737613831333033366338613036
38316163333037326534363234373965336166306539653135663233656464383363666537306330
64386163646231316530613366626233303530623731653266343865396565353839363439396139
34653435353739346561633061383032376637623863386130333931303465653462343236356265
31303436363735323335383338333737646137356437643335373366383431643762366463306138
37373536383563306332633631383763393364643761366431663939623439353262616464343133
30613638643830366238633762383565643065303832613538643336306138656666363635623965
30316164306230346361366664653364333464366238373464343136663535313137666332356162
61386364336165383636366535636537353962353034336264313838316139353435343638633565
38663466333038323664386536396265653762646135666431323034316233303638613465653666
62323038646563306264323630643365663839663663633464346165356530383165656130353731
39313735353634613535393735616539653236376362323963646637616439346639303539323835
64376431376636363564666536336235323064353566306564616233643038626130396132376663
61616265373464336132626663363865383034313932303263383336313161393436383665626461
65363165666264626265656464613931316537313931343930326337653738363439633365306332
31376363653533656335373937376534333062373339316466366133653862666431653138623365
37383430616133393438366634353239366530346232373837373936343662346231373636633038
32336562343663333766613863613561336161663633626631363034626537636334653864656362
32656139356438623031333065653833316164623363643133636364666436336334326431633464
31373839356538363065393063303330333063313237356362623962626431383566363566316437
30346236343466646166326563343434663066333233306331303835323265303632663331366363
65323131383831303439653538306535343639376666396561373063636539636561376233646365
31316434626461643633363163323939313162623831306238353661623236336534333766366230
39636566313962376435616639323732646266323937656632343361363137666562383166653933
35373135333431306233386635316665383465633366623565393933333034366231666562663031
34373330383461306166646635613563646631363137363533393966366330386538653461396336
62393365316337333131393866323064323665613831386666396264313261656536643834343933
34333733343064323437353162323461326537363239386137616131626538613337616365376334
66656264383631663638396138353436633633316165643066326563636262323431383764383536
35653561643061373763346234353135656137653663376537353938623963636235326236646238
39653531313834656630613834636165303939613837363964313463303433336434626236306338
35386133323765306463323033353264373263656339363161633434303335376362343561366561
63653337323438626365633034333031663761323636666338353161363932396332373935636562
65613631346337303463666165623364646336316534613038343635356235646236646535623736
62613430343139663436356364663266393665663963313562633234646336396263656438613031
38323238326337616434643564366135303437333333316137633936316533343265636235623630
30326135353663393063386138326664363861373332646563313839663135343462396330323831
62656461313235333834343239393439313466303531656438303835323761623832656265613066
35626161396166653564636530396266616431653931653163336233306366643735633864336666
32616139623636376364653133356636366536353063393436643535343431613538626439663362
33633063323732616634653565353362376234663163646139623764396530653963393361613932
64393432326537353234333638303163303332633064316562343938323832326237313231323731
36333238346539366664303534383239313037343461366162313762303661366134653939316130
35313433313232393361373666626433633933323031333331363837643634626133313935336262
61633463343666333866396364393831313263613465636463373765653736316336343631333436
31623261383465333839643766323964306164663135663031353461323331383063346139356266
33656332663738666431613438323762653530373666666232346163623564303938376336663337
39303730353264613763623430326238396664613332633630646239363637303963363932303137
34626330613564393135626539613136353038393064333563373063303864383961666335333666
66646566373865656431373134313031333836323765653961303262343766303761666137393463
30303639313839356436313835343433306130353065353135343234656437336361653865323962
66363435306561353230666535306564666332626635353534343939396533383738366636376439
36383630653231336230373535643862326330616434303163666435333637663933306463613264
63333638666165363137616165336139393263346532623932333838393561366638613665646566
30663866383738663037346632353265353634666165643531363336326332653332363564613432
30616165383365326466336531643765386336386639643335623738306533373961386634393864
32326636306433306265343734383635626166643436363535356533656332643264373435613735
31643364616238313730393733626561333263336261616666366534343137303237663433326639
39306664303964346362366564623863663239303865383835336161396337333636363134316233
37643132393133303535666333333030656561356630653035393739666433623233666137366432
39343165306262643531626235636563633665633638376361393431633237643762323065363230
34653530633335333635356137333039623831373561643665613531646462313366363637376633
33343037353062343737323063636163363734306331326364373035663933333030663134353339
38396166356239636338626333626163313161636531386563623032386430656533666338633736
64653162323266643864356262383335636261653966656433363439633535656166376136326165
35653665353031373462363166396434316331343463353435653364376635373663336438343630
61383766613666396433376163656130323539316538643539356262353332356565616562333933
64616335663461363062613837663834333530653438656530633937663866656630303130323065
39613035363033393938346334333637343230363966346264633261363831633566336432366237
34346339623132356233363532313533643030366130633934653132373632373662383037663636
65626562303235653864613562383063613733663134643764386463313030653231666466353331
63616530303837653332396162353765366166373934643830633831326333626535366337633434
37313165363964383563303431643266396661363930386336656136393437616631643630643764
39313961613564623265373131346232333064396239333562366234333332343437653064356435
39303463623733643037666632373330353031306137343531373065376531376239393662633565
66626364396434373337303262353436376638306634383335633163313533323566633563633032
38656633613561326639313335353739393264393766393537663231316564326464636666396531
38316133353061343033323138333039663032656161306564393233333536643565383162313532
36643366326362396535356532313531383561633439393638373834376330633135353836363833
36626161343261373439643163336562366461656138383465663663653430636666363733363732
38336264623562383536323538343465366333336364383532336161383365363839653033376232
39663264366432633132393064663838396163336164353332336466313063323436326165333138
62316136393762663161356233353062316336396635343135666232363266396539623165356634
37623635613861353064396161333938383835663064326561623334666564363263323636656662
66386261616662313065373737313430303435643030623739646230643635646534653531623631
32646139666663653564306232326530396663366338333963356237636664316330313464306261
34336461663132383762643637313934346164343933616535346162376339353536383036316533
61383734613863366336343631626131623564626630643135343932316465613031396631616136
30323536323638306261623136646666376138326133326134383335626563663562363462653166
37303139383539646136316164343833373139343531336364383536333930643233333165633761
38333637323766303735346161326263636638656632356631643661336537383736336164633739
34613465396436346161616230373938666363323164623233346565353138373031633834396335
39346639343266333263623431383062363739656462346531656336316662643138616534373131
36356662356137653461383562393236383930323463346633653735323931313937383533396661
33326364313463376565303732373064383132343333666165613130343438343130316139393433
33363530366132666663343934663331393639336433636134636330633532343365636530373632
61353735633465306366396434623331613238346134653662383462653337333230313161363764
31353933663533633432303239376430306263396362326133316135626432636438633336323834
36633739626630373135303335353838616561333965376435643265633733353033316263336365
63626264623263643135623432396531343863353961303564356633643530376136303631613764
38363065666430313335306236366632303933653235396431333166303634363831643239626632
36313430643935633436336364343961663930666361643536636130376665303534633934626537
38653934653033663730333636303765633465616435386461326334613966353034316634323139
62386339623131623963393733323865346130343431663633643463643330376231333632356234
32663362303766623866323563663234386663316334396164343436353032656231666265386630
32643839626138653338666135353161313038346532356335636433386265363839303763383536
32653365343538646634643534323630386362366663363437343339343633303464643337613031
64373438303537643565366663306465626166643439643431383038663931393265323061383130
35306437613231356134626136336566666662616364316264613664353462626433633233623830
30303332633866626663343433616239313830343730373431363461383536653238313734333861
6632
