$ANSIBLE_VAULT;1.1;AES256
65623230613662393263326338323562323331393961383737333864613535333263303065343834
3135383939356663383163316435643763663634366232330a633332333566396138333164643363
66303764366438346262346439326334626134646637353033666633363761313462373532623361
3838343431383462610a633636643165653766396363323261386162353535613630343935613231
35383766343737616265363139323961653363623664376432646332363235303166323466366530
30366166373430373735656466646433386634643736316532636431346163396231313030333165
36663063656439646662663136616535316264323234373662363763366430396139323933386137
37396261366238663639663230383636313963333665363132643161666534663565353366646432
39323533313663393036313334343661363362613566646635653536333935656464653166363862
34393461636365623432306432643633376131373964336265323366333132633065313533363062
63613466393064376232636465616634656337646664646562653262383332353062613365366135
31636163353835393966326431326465353763396337613463376635613830353537396563643834
62623661336531336330656462326535353030333737373263346331373539366137336661613237
36373263373466343562393539326530373332353737343033313933376264363135353062623364
66636239373662613634643232303534393135616237323732633930316538333762373639633261
34303361663538393135633632386533646437313434363265383762313731306335366531343136
34313361663234353338626430383732376265363730373938613238363137346533353966303864
33363461663231343864643738366337666130373130613639366535343764653066613931363236
31613962373634643939366438383836393035323037353862613939383666653332303334616562
61353432396336323362663035346665386537336532326232333630353562623537643964373333
65646439333234343735666332636632353434336566343666303336393261393438383533333230
39646563323264626439626131636634343863393030376361346361366336303030646636373062
61303665633539633265326166616165656338356238343634653362376565376536343964343634
34313964306338316631616565623734626433353231386632326438633365386631386133636565
3930
