$ANSIBLE_VAULT;1.1;AES256
65353537356132666136393937386630303832646263383635326430613838383634383938613131
3637633035323139656637323331633831373266353036320a373536663164643964383362626630
64653537663530396637326137343335663063393861313832306435306132353931346535303763
6138393531643334350a653331336432396230326432623831363535323231356230663434653163
65326134343464343961306634633933316562316262623133333136383332316164373865326439
31626331383038323963333230363437313632633232313361663132323366646337326530356266
37323832303035663566396433383139626466306239366133353637313666383834323864623265
33646633326362623030373165656130333535386538343931373437643937353364616237356435
65626337343239663962636231373632386231636337636132343163633838323835333830326338
35326139343632663532343332386430383132376232383466323362663562376264386361633161
62333365373466613262336162346230353763346466613833666564363037323430343165653464
30396664393839636166646661633163656662313364323963633238666433623137313634323266
35363739356336353339323531653264356238613665373361323030616636356664616635613634
31376439653030663263386332623836653239643134666232333533653565626332643937643764
66303765646262313337633738333239323638653136623466643734386137626538646336376138
35313332353930633337383431626563343435666532616461373630396230313630663133343664
34633733373162643662373037306436346564343435656335643362393139326530616135633862
38356265346464393466663539396364623636333533303135303335393234633563626137333332
36656566316261306565393836633436383866383634383438303238626131643832613639626536
64313038616434343230333537376164373463636639616565313631666638653936643836356638
33323934623963373230623365633736396361666463343965636630646366333137396137636532
32363461656663393534656162623035313138366236393266333433323537616332383539353862
39333564393235636339313162666439383966386261336264343333326431646332306539616239
66636164343733613038393235326563336565656534666666306432316235646438346236326238
33613263363430313538306236643466663736663765326237303330396166396364656364316637
31643039316365326365613865633533626538353036373030383132653135393330373336363436
65383432393263616161333163336362383963303564323465663964373536306666336663636332
64653832636464303835346661666434373338643737306333396465353933383264333061323061
36363132646133306437306437653230343632643565613934316339306135303865633663343937
64323532393866623964373833343432386162346161333966646561393539366336383964353639
65303530313364306435343063326237346235663939663166376164303464323339346239666563
63313339346431636237323663316132353330376661653933303332636137643865663062316362
38336338326263326366376438626638636161323132373461616264656639386231656266626263
61633663643936343563393332636366313233653237646263343464376531373430623130663030
33306466633562663061663564373761646565366238636431373834313164663332316438386234
61636638633565613964316462343234376437613266366663623361616333393331326535373665
31643234363034303664643334383735326539633633623262386335653430623437643664356136
62383934316461373861616138636332366533623234383263333664393361623266333938383537
66663961353334333634373265383162646237623133623461383230666230316433386366303435
62373635396430303961323938343636653464313733383236643361396532303465313837373535
31383163343733393861636539633633363936353730373632373535393035613765633362313836
61386133663365646234356364303837373838343261303165653034643634616364666262633164
34356235383035383633343232636237376235616331306132623735643735396338653662633939
64336666623462343832633830316636393961303464386237393832316332323931353163316439
37333037386131643362376237323262353466613938633231313833393063646638613762313465
37303063613566363066633266656137383364303866646634363337656635316665636235313135
62313566333963333035353836333139323531616333656531633262636465303661323934323535
37626638623930313464343766623737653263353830626365376166333136666233626637373230
34663436663534343366613732363163616639343664306336343330376433306262633736653931
65303864326439643533643233623364653165653931306237306535313566343966353661383133
64656434396466633232313763653431303737323738666566306639343631396564666562663163
32643264386238323063336366653261396633626637313364343135616433336533366639373133
36303538666531303637393331363032373862336461666262323566643031383437366436393866
63633432303231626133643030346564383330303235396138333165623265373066653032626532
32643861303339353036376139636563386233636532393335386331646531623533343736643531
30353535623465396161656237303632393533636234633835626334366537663432313062306439
37363633363832636238383439326231613935366363373861623663636330656430396262373263
32343036333832616162613463623837663962363535376532373139623632336630366263363264
62663939336465643466366264653139366238626239656538326237393034613263376365383264
30396261383064363636376366363639336362313431323964323762303036656637646565383339
65373032643931653139646532633166386535313034343430656535313764633038303035653533
37336431353738373130393038656634323139633033306432643930616338636165623963363739
31346461633534393635666637326537613337663635393235363262626137356334336565336164
38626535353939356166613532356631663161343465326561363061666339653065613733353432
63626136633439666432313932613639303239303830313133343166303665333530303662316337
34306437333634353935373932616138366365653965313564393666623066353633326237613465
63393865306330303830656561393965646133383634396465646638653233306138303332633562
32633535333861303563386330343635396534636539393130396630353332346436303532356666
66376161333762633031666436386630343535343131396236366637613530653264336534656566
66396337333336336333653362613532303138613431666132363031383764313031663837666339
36383163633831643162613535336637616234316634613134336534636463326165643937353531
37333137343536373034323739613462623137326534386136303338386135623736366266386139
34633064613835623433656635663631353837323130663363356566636466306661306231323131
66386463373361633766643235396331613736333264663063653036306439393934356631626238
64383431616531346432643865626263346235373831633838396234396132346132383330616662
38623732643465336338363134353835653464363666346566623762646461306530653032366432
33663765613934383433376531353364326130636434666536353130326264613338333261323965
34323161333430353933313466633139633737616330386239616266643939633731313430316131
63666564613435623561663330306435326534353433626461363234313963636534313533353031
35396665303763343235326630303364323535643163613562306233613564646539356264363533
36313233646463623332303338333565383631633164356537383262643830613033616664393038
38356634386437353263343865303439386366663636666563363639393566316662346135613433
38353665633261643531343861323466303161303533343665373838333461383761623836386561
64396234356232373831616262636132396434656261616234316137663765303534393961663534
31313536636238316633656438376433353230363836393632373166323365303934396636393733
35666237383761353465616333323030623665643430363565663137376232666238663239383565
37666361346666356433366439336235363164613535393836323634386230363336393935653030
36396230666162633830
